160 159
0 1
0 118
0 120
0 124
0 126
0 145
0 149
0 150
0 151
0 152
0 153
0 159
1 2
1 20
1 116
1 117
1 119
1 121
1 122
1 123
2 3
2 4
2 5
2 6
2 8
2 10
2 12
2 16
2 17
2 18
2 19
2 22
2 23
2 24
2 25
2 26
2 28
2 29
2 31
2 32
2 33
2 38
2 39
2 40
2 41
2 42
2 43
2 44
2 45
2 48
2 49
2 50
2 51
2 52
2 53
2 54
2 55
2 56
2 57
2 64
2 65
2 76
2 77
2 94
2 95
2 96
2 97
2 104
2 105
6 7
6 113
6 156
8 9
8 60
8 61
8 67
8 68
8 69
8 74
8 75
8 87
8 90
8 91
8 93
8 103
8 111
8 112
10 11
10 66
10 72
10 78
10 79
10 84
12 13
12 14
12 15
12 27
12 34
12 70
12 71
12 108
12 109
20 21
20 30
30 36
30 46
30 62
31 37
31 47
31 58
31 59
31 63
31 80
31 81
31 82
31 83
31 88
31 89
31 106
34 35
34 100
66 86
66 92
66 102
66 110
72 73
73 98
84 85
98 99
100 101
106 107
106 114
106 115
124 125
124 127
124 128
124 129
124 131
124 132
124 133
124 134
124 138
124 141
124 144
124 147
124 154
129 130
134 135
135 136
135 137
138 139
138 140
141 142
141 143
141 158
144 146
147 148
154 155
156 157

161 160
0 1
0 118
0 120
0 124
0 126
0 146
0 150
0 151
0 152
0 153
0 154
0 160
1 2
1 20
1 116
1 117
1 119
1 121
1 122
1 123
2 3
2 4
2 5
2 6
2 8
2 10
2 12
2 16
2 17
2 18
2 19
2 22
2 23
2 24
2 25
2 26
2 28
2 29
2 31
2 32
2 33
2 38
2 39
2 40
2 41
2 42
2 43
2 44
2 45
2 48
2 49
2 50
2 51
2 52
2 53
2 54
2 55
2 56
2 57
2 64
2 65
2 76
2 77
2 94
2 95
2 96
2 97
2 104
2 105
6 7
6 113
6 138
6 157
8 9
8 60
8 61
8 67
8 68
8 69
8 74
8 75
8 87
8 90
8 91
8 93
8 103
8 111
8 112
10 11
10 66
10 72
10 78
10 79
10 84
12 13
12 14
12 15
12 27
12 34
12 70
12 71
12 108
12 109
20 21
20 30
30 36
30 46
30 62
31 37
31 47
31 58
31 59
31 63
31 80
31 81
31 82
31 83
31 88
31 89
31 106
34 35
34 100
66 86
66 92
66 102
66 110
72 73
73 98
84 85
98 99
100 101
106 107
106 114
106 115
124 125
124 127
124 128
124 129
124 131
124 132
124 133
124 134
124 139
124 142
124 145
124 148
124 155
129 130
134 135
135 136
135 137
139 140
139 141
142 143
142 144
142 159
145 147
148 149
155 156
157 158

0 0 0 0 0 0 0 0 0 0 0 0 0 0 0 0 0 0 0 0 0 0 0 0 0 0 0 0 0 0 0 0 0 0 0 0 0 0 0 0 0 0 0 0 0 0 0 0 0 0 0 0 0 0 0 0 0 0 0 0 0 0 0 0 0 0 0 0 0 0 0 0 0 0 0 0 0 0 0 0 0 0 0 0 0 0 0 0 0 0 0 0 0 0 0 0 0 0 0 0 0 0 0 0 0 0 0 0 0 0 0 0 0 0 0 0 0 0 0 0 0 0 0 0 0 0 0 0 0 0 0 0 0 0 0 0 0 0 0 0 0 0 0 0 0 0 0 0 0 0 0 0 0 0 0 0 0 0 0 0 0
0 0.0 0.4296464627971509 0.24964646279715086 0.4296464627971509 0.24964646279715086 0.47547698301655805 0.2954769830165581 0.47522963125149675 0.2952296312514967 0.4424013145106098 0.26240131451060966 0.43819303943779375 0.2581930394377937 0.43819303943779375 0.2581930394377937 0.4296464627971509 0.24964646279715086 0.4296464627971509 0.24964646279715086 0.4167168112574189 0.23671681125741895 0.4296464627971509 0.24964646279715086 0.4296464627971509 0.24964646279715086 0.4379741351717382 0.2581930394377937 0.4296464627971509 0.24964646279715086 0.4294384253103015 0.24985477970746928 0.4296464627971509 0.24964646279715086 0.4392914785114841 0.25929147851148415 0.4294384253103015 0.24985477970746928 0.4296464627971509 0.24964646279715086 0.4296464627971509 0.24964646279715086 0.4296464627971509 0.24964646279715086 0.4296464627971509 0.24964646279715086 0.4294384253103015 0.24985477970746928 0.4296464627971509 0.24964646279715086 0.4296464627971509 0.24964646279715086 0.4296464627971509 0.24964646279715086 0.4296464627971509 0.24964646279715086 0.4296464627971509 0.24964646279715086 0.4298547797074692 0.24985477970746928 0.47522963125149675 0.2952296312514967 0.4294384253103015 0.24985477970746928 0.4296464627971509 0.24964646279715086 0.4749823292737736 0.2952296312514967 0.47522963125149675 0.2952296312514967 0.43819303943779375 0.2581930394377937 0.46735307655735203 0.2875977253339428 0.47522963125149675 0.2952296312514967 0.4296464627971509 0.24964646279715086 0.4424013145106098 0.26240131451060966 0.4298547797074692 0.24985477970746928 0.4298547797074692 0.24985477970746928 0.451316023300794 0.2713160233007941 0.4749823292737736 0.2952296312514967 0.4298547797074692 0.24985477970746928 0.47522963125149675 0.2952296312514967 0.4749823292737736 0.2952296312514967 0.4296464627971509 0.24964646279715086 0.4296464627971509 0.24964646279715086 0.46808737136480794 0.2883323647334258 0.44150770880212253 0.2617307327542788 0.4749823292737736 0.2952296312514967 0.4296464627971509 0.24964646279715086 0.4347223659504543 0.2547223659504544 0.43819303943779375 0.2581930394377937 0.4749823292737736 0.2952296312514967 0.47522963125149675 0.2954769830165581 0.4347223659504543 0.2547223659504544 0.0 0.275954440340458 0.8679383879808613 0.2656187799239589 0.8576500476369694 0.2634293378103676 0.2565850320395461 0.25651719535804207 0.121035994425156 0.121035994425156 0.9526068152402293 0.4164434995692451 0.4123394115186807 0.23532292829266577 0.38953943239507216 0.39671558699491194 0.4160978669926626 0.4226745330853606 0.28756780096365997 0.24788139480199012 0.24788139480199012 0.41239504834856466 0.3937863996254519 0.3162834696965978 0.3162834696965978 0.39804478120041975 0.2628407754953074 0.2628407754953074 0.4039889045536955 0.21890985423257758 0.9804596494045091 0.4014241698150498 0.22713826793139325 0.2465477778788927 0.7955573064544208 0.833699029957675 0.8764462732708337 0.8593780536292737 0.51129080286425 0.23983106020405354 0.42930574981948555 0.5238413100610988 0.5048399258255125 0.24421959488090772 0.978234473730834
0 0.4296464627971509 0.0 0.17999999999999994 0.0 0.17999999999999994 0.16776863232607664 0.3477686323260767 0.16687795344070233 0.34687795344070227 0.048023848124153945 0.22802384812415388 0.032375770307639606 0.21237577030763966 0.032375770307639606 0.21237577030763966 0.0 0.17999999999999994 0.0 0.17999999999999994 0.04536954644652358 0.22536954644652352 0.0 0.17999999999999994 0.0 0.17999999999999994 0.031557067121750215 0.21237577030763966 0.0 0.17999999999999994 0.000798193029832861 0.18080024416503337 0.0 0.17999999999999994 0.03647657482677524 0.2164765748267753 0.000798193029832861 0.18080024416503337 0.0 0.17999999999999994 0.0 0.17999999999999994 0.0 0.17999999999999994 0.0 0.17999999999999994 0.000798193029832861 0.18080024416503337 0.0 0.17999999999999994 0.0 0.17999999999999994 0.0 0.17999999999999994 0.0 0.17999999999999994 0.0 0.17999999999999994 0.0008002441650333258 0.18080024416503337 0.16687795344070233 0.34687795344070227 0.000798193029832861 0.18080024416503337 0.0 0.17999999999999994 0.16598759153407827 0.34687795344070227 0.16687795344070233 0.34687795344070227 0.032375770307639606 0.21237577030763966 0.13856199907670808 0.31944091806081487 0.16687795344070233 0.34687795344070227 0.0 0.17999999999999994 0.048023848124153945 0.22802384812415388 0.0008002441650333258 0.18080024416503337 0.0008002441650333258 0.18080024416503337 0.0807020483689691 0.26070204836896904 0.16598759153407827 0.34687795344070227 0.0008002441650333258 0.18080024416503337 0.16687795344070233 0.34687795344070227 0.16598759153407827 0.34687795344070227 0.0 0.17999999999999994 0.0 0.17999999999999994 0.14119998680757084 0.32208013176889494 0.04471480904303804 0.2255413304501962 0.16598759153407827 0.34687795344070227 0.0 0.17999999999999994 0.01933438772725171 0.19933438772725176 0.032375770307639606 0.21237577030763966 0.16598759153407827 0.34687795344070227 0.16687795344070233 0.3477686323260767 0.01933438772725171 0.19933438772725176 0.4296464627971509 0.516987063508503 0.9294655545009556 0.5104372706979856 0.9229492662069635 0.5028765980059444 0.4966755707291629 0.4956431350234187 0.2572618886164374 0.2572618886164374 0.909931671035499 0.43768906656261564 0.4590907076481705 0.29300978582190085 0.4636303101809901 0.46878748497272116 0.46475413530301324 0.4785300541731603 0.323624590146134 0.2896086874496656 0.2896086874496656 0.4388749969794369 0.5640869613615016 0.3680063202406809 0.3680063202406809 0.44434634749581925 0.3247057780004211 0.3247057780004211 0.4442480779570859 0.44704002975654755 0.9674473025607997 0.46579346116876463 0.45143358152299196 0.2926758630544466 0.8788621788818232 0.8667096091747816 0.8267827524547567 0.8527250235952948 0.4752425194978944 0.243866116621406 0.47869599424517284 0.45688760268454287 0.44644984474649496 0.3245202812647566 0.9617217210547019
0 0.24964646279715086 0.17999999999999994 0.0 0.17999999999999994 0.0 0.3477686323260767 0.16776863232607664 0.34687795344070227 0.16687795344070233 0.22802384812415388 0.048023848124153945 0.21237577030763966 0.032375770307639606 0.21237577030763966 0.032375770307639606 0.17999999999999994 0.0 0.17999999999999994 0.0 0.22536954644652352 0.04536954644652358 0.17999999999999994 0.0 0.17999999999999994 0.0 0.21155706712175015 0.032375770307639606 0.17999999999999994 0.0 0.1807981930298328 0.0008002441650333258 0.17999999999999994 0.0 0.2164765748267753 0.03647657482677524 0.1807981930298328 0.0008002441650333258 0.17999999999999994 0.0 0.17999999999999994 0.0 0.17999999999999994 0.0 0.17999999999999994 0.0 0.1807981930298328 0.0008002441650333258 0.17999999999999994 0.0 0.17999999999999994 0.0 0.17999999999999994 0.0 0.17999999999999994 0.0 0.17999999999999994 0.0 0.18080024416503337 0.0008002441650333258 0.34687795344070227 0.16687795344070233 0.1807981930298328 0.0008002441650333258 0.17999999999999994 0.0 0.3459875915340783 0.16687795344070233 0.34687795344070227 0.16687795344070233 0.21237577030763966 0.032375770307639606 0.318561999076708 0.13944091806081493 0.34687795344070227 0.16687795344070233 0.17999999999999994 0.0 0.22802384812415388 0.048023848124153945 0.18080024416503337 0.0008002441650333258 0.18080024416503337 0.0008002441650333258 0.26070204836896904 0.0807020483689691 0.3459875915340783 0.16687795344070233 0.18080024416503337 0.0008002441650333258 0.34687795344070227 0.16687795344070233 0.3459875915340783 0.16687795344070233 0.17999999999999994 0.0 0.17999999999999994 0.0 0.3211999868075708 0.142080131768895 0.2247148090430381 0.04554133045019615 0.3459875915340783 0.16687795344070233 0.17999999999999994 0.0 0.19933438772725176 0.01933438772725171 0.21237577030763966 0.032375770307639606 0.3459875915340783 0.16687795344070233 0.34687795344070227 0.16776863232607664 0.19933438772725176 0.01933438772725171 0.24964646279715086 0.33698706350850294 0.9294655545009556 0.3304372706979857 0.9229492662069635 0.3228765980059445 0.31667557072916297 0.3156431350234187 0.2572618886164374 0.2572618886164374 0.909931671035499 0.43768906656261564 0.4590907076481705 0.29300978582190085 0.4636303101809901 0.46878748497272116 0.46475413530301324 0.4785300541731603 0.323624590146134 0.2896086874496656 0.2896086874496656 0.4388749969794369 0.38408696136150167 0.3680063202406809 0.3680063202406809 0.44434634749581925 0.3247057780004211 0.3247057780004211 0.4442480779570859 0.2670400297565475 0.9674473025607997 0.46579346116876463 0.2714335815229919 0.2926758630544466 0.8788621788818232 0.8667096091747816 0.8267827524547567 0.8527250235952948 0.4752425194978944 0.243866116621406 0.47869599424517284 0.45688760268454287 0.44644984474649496 0.3245202812647566 0.9617217210547019
0 0.4296464627971509 0.0 0.17999999999999994 0.0 0.17999999999999994 0.16776863232607664 0.3477686323260767 0.16687795344070233 0.34687795344070227 0.048023848124153945 0.22802384812415388 0.032375770307639606 0.21237577030763966 0.032375770307639606 0.21237577030763966 0.0 0.17999999999999994 0.0 0.17999999999999994 0.04536954644652358 0.22536954644652352 0.0 0.17999999999999994 0.0 0.17999999999999994 0.031557067121750215 0.21237577030763966 0.0 0.17999999999999994 0.000798193029832861 0.18080024416503337 0.0 0.17999999999999994 0.03647657482677524 0.2164765748267753 0.000798193029832861 0.18080024416503337 0.0 0.17999999999999994 0.0 0.17999999999999994 0.0 0.17999999999999994 0.0 0.17999999999999994 0.000798193029832861 0.18080024416503337 0.0 0.17999999999999994 0.0 0.17999999999999994 0.0 0.17999999999999994 0.0 0.17999999999999994 0.0 0.17999999999999994 0.0008002441650333258 0.18080024416503337 0.16687795344070233 0.34687795344070227 0.000798193029832861 0.18080024416503337 0.0 0.17999999999999994 0.16598759153407827 0.34687795344070227 0.16687795344070233 0.34687795344070227 0.032375770307639606 0.21237577030763966 0.13856199907670808 0.31944091806081487 0.16687795344070233 0.34687795344070227 0.0 0.17999999999999994 0.048023848124153945 0.22802384812415388 0.0008002441650333258 0.18080024416503337 0.0008002441650333258 0.18080024416503337 0.0807020483689691 0.26070204836896904 0.16598759153407827 0.34687795344070227 0.0008002441650333258 0.18080024416503337 0.16687795344070233 0.34687795344070227 0.16598759153407827 0.34687795344070227 0.0 0.17999999999999994 0.0 0.17999999999999994 0.14119998680757084 0.32208013176889494 0.04471480904303804 0.2255413304501962 0.16598759153407827 0.34687795344070227 0.0 0.17999999999999994 0.01933438772725171 0.19933438772725176 0.032375770307639606 0.21237577030763966 0.16598759153407827 0.34687795344070227 0.16687795344070233 0.3477686323260767 0.01933438772725171 0.19933438772725176 0.4296464627971509 0.516987063508503 0.9294655545009556 0.5104372706979856 0.9229492662069635 0.5028765980059444 0.4966755707291629 0.4956431350234187 0.2572618886164374 0.2572618886164374 0.909931671035499 0.43768906656261564 0.4590907076481705 0.29300978582190085 0.4636303101809901 0.46878748497272116 0.46475413530301324 0.4785300541731603 0.323624590146134 0.2896086874496656 0.2896086874496656 0.4388749969794369 0.5640869613615016 0.3680063202406809 0.3680063202406809 0.44434634749581925 0.3247057780004211 0.3247057780004211 0.4442480779570859 0.44704002975654755 0.9674473025607997 0.46579346116876463 0.45143358152299196 0.2926758630544466 0.8788621788818232 0.8667096091747816 0.8267827524547567 0.8527250235952948 0.4752425194978944 0.243866116621406 0.47869599424517284 0.45688760268454287 0.44644984474649496 0.3245202812647566 0.9617217210547019
0 0.24964646279715086 0.17999999999999994 0.0 0.17999999999999994 0.0 0.3477686323260767 0.16776863232607664 0.34687795344070227 0.16687795344070233 0.22802384812415388 0.048023848124153945 0.21237577030763966 0.032375770307639606 0.21237577030763966 0.032375770307639606 0.17999999999999994 0.0 0.17999999999999994 0.0 0.22536954644652352 0.04536954644652358 0.17999999999999994 0.0 0.17999999999999994 0.0 0.21155706712175015 0.032375770307639606 0.17999999999999994 0.0 0.1807981930298328 0.0008002441650333258 0.17999999999999994 0.0 0.2164765748267753 0.03647657482677524 0.1807981930298328 0.0008002441650333258 0.17999999999999994 0.0 0.17999999999999994 0.0 0.17999999999999994 0.0 0.17999999999999994 0.0 0.1807981930298328 0.0008002441650333258 0.17999999999999994 0.0 0.17999999999999994 0.0 0.17999999999999994 0.0 0.17999999999999994 0.0 0.17999999999999994 0.0 0.18080024416503337 0.0008002441650333258 0.34687795344070227 0.16687795344070233 0.1807981930298328 0.0008002441650333258 0.17999999999999994 0.0 0.3459875915340783 0.16687795344070233 0.34687795344070227 0.16687795344070233 0.21237577030763966 0.032375770307639606 0.318561999076708 0.13944091806081493 0.34687795344070227 0.16687795344070233 0.17999999999999994 0.0 0.22802384812415388 0.048023848124153945 0.18080024416503337 0.0008002441650333258 0.18080024416503337 0.0008002441650333258 0.26070204836896904 0.0807020483689691 0.3459875915340783 0.16687795344070233 0.18080024416503337 0.0008002441650333258 0.34687795344070227 0.16687795344070233 0.3459875915340783 0.16687795344070233 0.17999999999999994 0.0 0.17999999999999994 0.0 0.3211999868075708 0.142080131768895 0.2247148090430381 0.04554133045019615 0.3459875915340783 0.16687795344070233 0.17999999999999994 0.0 0.19933438772725176 0.01933438772725171 0.21237577030763966 0.032375770307639606 0.3459875915340783 0.16687795344070233 0.34687795344070227 0.16776863232607664 0.19933438772725176 0.01933438772725171 0.24964646279715086 0.33698706350850294 0.9294655545009556 0.3304372706979857 0.9229492662069635 0.3228765980059445 0.31667557072916297 0.3156431350234187 0.2572618886164374 0.2572618886164374 0.909931671035499 0.43768906656261564 0.4590907076481705 0.29300978582190085 0.4636303101809901 0.46878748497272116 0.46475413530301324 0.4785300541731603 0.323624590146134 0.2896086874496656 0.2896086874496656 0.4388749969794369 0.38408696136150167 0.3680063202406809 0.3680063202406809 0.44434634749581925 0.3247057780004211 0.3247057780004211 0.4442480779570859 0.2670400297565475 0.9674473025607997 0.46579346116876463 0.2714335815229919 0.2926758630544466 0.8788621788818232 0.8667096091747816 0.8267827524547567 0.8527250235952948 0.4752425194978944 0.243866116621406 0.47869599424517284 0.45688760268454287 0.44644984474649496 0.3245202812647566 0.9617217210547019
0 0.47547698301655805 0.16776863232607664 0.3477686323260767 0.16776863232607664 0.3477686323260767 0.0 0.17999999999999994 0.0016270231136031876 0.18162702311360324 0.13631491769086923 0.31631491769086917 0.14740329514517803 0.32740329514517796 0.14740329514517803 0.32740329514517796 0.16776863232607664 0.3477686323260767 0.16776863232607664 0.3477686323260767 0.19440398566748462 0.37440398566748456 0.16776863232607664 0.3477686323260767 0.16776863232607664 0.3477686323260767 0.14795907965794952 0.32740329514517796 0.16776863232607664 0.3477686323260767 0.16823329693129918 0.347301994988682 0.16776863232607664 0.3477686323260767 0.14458421894888218 0.32458421894888223 0.16823329693129918 0.347301994988682 0.16776863232607664 0.3477686323260767 0.16776863232607664 0.3477686323260767 0.16776863232607664 0.3477686323260767 0.16776863232607664 0.3477686323260767 0.16823329693129918 0.347301994988682 0.16776863232607664 0.3477686323260767 0.16776863232607664 0.3477686323260767 0.16776863232607664 0.3477686323260767 0.16776863232607664 0.3477686323260767 0.16776863232607664 0.3477686323260767 0.16730199498868203 0.347301994988682 0.0016270231136031876 0.18162702311360324 0.16823329693129918 0.347301994988682 0.16776863232607664 0.3477686323260767 0.0032372295217351077 0.18162702311360324 0.0016270231136031876 0.18162702311360324 0.14740329514517803 0.32740329514517796 0.04619783375488462 0.22498969231297006 0.0016270231136031876 0.18162702311360324 0.16776863232607664 0.3477686323260767 0.13631491769086923 0.31631491769086917 0.16730199498868203 0.347301994988682 0.16730199498868203 0.347301994988682 0.1098165456869803 0.28981654568698034 0.0032372295217351077 0.18162702311360324 0.16730199498868203 0.347301994988682 0.0016270231136031876 0.18162702311360324 0.0032372295217351077 0.18162702311360324 0.16776863232607664 0.3477686323260767 0.16776863232607664 0.3477686323260767 0.04254285820244297 0.22130386106732558 0.1387364490241325 0.31813561730545026 0.0032372295217351077 0.18162702311360324 0.16776863232607664 0.3477686323260767 0.15599160326199035 0.3359916032619903 0.14740329514517803 0.32740329514517796 0.0032372295217351077 0.18162702311360324 0.0016270231136031876 0.17999999999999994 0.15599160326199035 0.3359916032619903 0.47547698301655805 0.5231232401553558 0.9363168626942081 0.5282803457993731 0.9414688666113453 0.5020294346518874 0.4987893678631533 0.4927297139272705 0.31879636525541366 0.31879636525541366 0.8844974448458021 0.40405707945194846 0.4633013093895949 0.29207181786766767 0.48733607551044344 0.49683632271004174 0.47300370200389463 0.5002733423923906 0.30283267104131906 0.27756581492241017 0.27756581492241017 0.46037606629601946 0.5600966795901652 0.3598515367344626 0.3598515367344626 0.4650129745077408 0.31960243852512593 0.31960243852512593 0.47620900921962495 0.44425173559107156 0.9543024246997542 0.48342028479013976 0.44885810265298354 0.3261572419185387 0.9052669839373821 0.9060291288685492 0.8792892483393461 0.85301450218876 0.4165059231300041 0.1900003058224634 0.49408896064515206 0.3956591025106555 0.3960720826030605 0.3447627164706929 0.9480013127534178
0 0.2954769830165581 0.3477686323260767 0.16776863232607664 0.3477686323260767 0.16776863232607664 0.17999999999999994 0.0 0.18162702311360324 0.0016270231136031876 0.31631491769086917 0.13631491769086923 0.32740329514517796 0.14740329514517803 0.32740329514517796 0.14740329514517803 0.3477686323260767 0.16776863232607664 0.3477686323260767 0.16776863232607664 0.37440398566748456 0.19440398566748462 0.3477686323260767 0.16776863232607664 0.3477686323260767 0.16776863232607664 0.3279590796579497 0.14740329514517803 0.3477686323260767 0.16776863232607664 0.3482332969312991 0.16730199498868203 0.3477686323260767 0.16776863232607664 0.32458421894888223 0.14458421894888218 0.3482332969312991 0.16730199498868203 0.3477686323260767 0.16776863232607664 0.3477686323260767 0.16776863232607664 0.3477686323260767 0.16776863232607664 0.3477686323260767 0.16776863232607664 0.3482332969312991 0.16730199498868203 0.3477686323260767 0.16776863232607664 0.3477686323260767 0.16776863232607664 0.3477686323260767 0.16776863232607664 0.3477686323260767 0.16776863232607664 0.3477686323260767 0.16776863232607664 0.347301994988682 0.16730199498868203 0.18162702311360324 0.0016270231136031876 0.3482332969312991 0.16730199498868203 0.3477686323260767 0.16776863232607664 0.18323722952173505 0.0016270231136031876 0.18162702311360324 0.0016270231136031876 0.32740329514517796 0.14740329514517803 0.22619783375488456 0.04498969231297012 0.18162702311360324 0.0016270231136031876 0.3477686323260767 0.16776863232607664 0.31631491769086917 0.13631491769086923 0.347301994988682 0.16730199498868203 0.347301994988682 0.16730199498868203 0.28981654568698034 0.1098165456869803 0.18323722952173505 0.0016270231136031876 0.347301994988682 0.16730199498868203 0.18162702311360324 0.0016270231136031876 0.18323722952173505 0.0016270231136031876 0.3477686323260767 0.16776863232607664 0.3477686323260767 0.16776863232607664 0.2225428582024429 0.04130386106732553 0.31873644902413245 0.13813561730545032 0.18323722952173505 0.0016270231136031876 0.3477686323260767 0.16776863232607664 0.3359916032619903 0.15599160326199035 0.32740329514517796 0.14740329514517803 0.18323722952173505 0.0016270231136031876 0.18162702311360324 0.0 0.3359916032619903 0.15599160326199035 0.2954769830165581 0.3431232401553558 0.9363168626942081 0.34828034579937306 0.9414688666113453 0.3220294346518874 0.3187893678631534 0.31272971392727056 0.31879636525541366 0.31879636525541366 0.8844974448458021 0.40405707945194846 0.4633013093895949 0.29207181786766767 0.48733607551044344 0.49683632271004174 0.47300370200389463 0.5002733423923906 0.30283267104131906 0.27756581492241017 0.27756581492241017 0.46037606629601946 0.38009667959016524 0.3598515367344626 0.3598515367344626 0.4650129745077408 0.31960243852512593 0.31960243852512593 0.47620900921962495 0.2642517355910716 0.9543024246997542 0.48342028479013976 0.2688581026529836 0.3261572419185387 0.9052669839373821 0.9060291288685492 0.8792892483393461 0.85301450218876 0.4165059231300041 0.1900003058224634 0.49408896064515206 0.3956591025106555 0.3960720826030605 0.3447627164706929 0.9480013127534178
0 0.47522963125149675 0.16687795344070233 0.34687795344070227 0.16687795344070233 0.34687795344070227 0.0016270231136031876 0.18162702311360324 0.0 0.17999999999999994 0.13529931940009599 0.3152993194000959 0.1464323854373688 0.32643238543736874 0.1464323854373688 0.32643238543736874 0.16687795344070233 0.34687795344070227 0.16687795344070233 0.34687795344070227 0.19361520190556725 0.3736152019055672 0.16687795344070233 0.34687795344070227 0.16687795344070233 0.34687795344070227 0.14699039033952532 0.32643238543736874 0.16687795344070233 0.34687795344070227 0.16734442301526709 0.34640950238990087 0.16687795344070233 0.34687795344070227 0.1436020186578505 0.32360201865785054 0.16734442301526709 0.34640950238990087 0.16687795344070233 0.34687795344070227 0.16687795344070233 0.34687795344070227 0.16687795344070233 0.34687795344070227 0.16687795344070233 0.34687795344070227 0.16734442301526709 0.34640950238990087 0.16687795344070233 0.34687795344070227 0.16687795344070233 0.34687795344070227 0.16687795344070233 0.34687795344070227 0.16687795344070233 0.34687795344070227 0.16687795344070233 0.34687795344070227 0.16640950238990082 0.34640950238990087 0.0 0.17999999999999994 0.16734442301526709 0.34640950238990087 0.16687795344070233 0.34687795344070227 0.0016182711691146157 0.17999999999999994 0.0 0.17999999999999994 0.1464323854373688 0.32643238543736874 0.0447875826425147 0.22357374873144742 0.0 0.17999999999999994 0.16687795344070233 0.34687795344070227 0.13529931940009599 0.3152993194000959 0.16640950238990082 0.34640950238990087 0.16640950238990082 0.34640950238990087 0.10869092845793649 0.2886909284579364 0.0016182711691146157 0.17999999999999994 0.16640950238990082 0.34640950238990087 0.0 0.17999999999999994 0.0016182711691146157 0.17999999999999994 0.16687795344070233 0.34687795344070227 0.16687795344070233 0.34687795344070227 0.0411153534855464 0.2198704857475775 0.13773067464380961 0.3171274088410382 0.0016182711691146157 0.17999999999999994 0.16687795344070233 0.34687795344070227 0.15505480512468628 0.3350548051246862 0.1464323854373688 0.32643238543736874 0.0016182711691146157 0.17999999999999994 0.0 0.18162702311360324 0.15505480512468628 0.3350548051246862 0.47522963125149675 0.5230992386464027 0.9362848956927603 0.5281962812549947 0.9413770447236761 0.5021061125952692 0.49887228576695475 0.4928495996379816 0.3184716226878723 0.3184716226878723 0.8845628194355457 0.4044769008627237 0.4633143827266284 0.2922502254638618 0.48723319698281764 0.4966923152812954 0.47309478659905657 0.5002100787858466 0.3031698129109148 0.27780332472327873 0.27780332472327873 0.4602457210333033 0.5601019589751841 0.36007293787093597 0.36007293787093597 0.4649245998468561 0.31981277100935857 0.31981277100935857 0.4760399218088416 0.44446454926559353 0.9543719214068151 0.4833948015426267 0.44907224631396647 0.3259940720236221 0.9051194156447858 0.9058199953414299 0.8789875079089307 0.8529289528955946 0.4169520346765354 0.19079675561180043 0.49409586616473944 0.3959459030117677 0.3962396664480894 0.34465744383224217 0.9480642022129323
0 0.2952296312514967 0.34687795344070227 0.16687795344070233 0.34687795344070227 0.16687795344070233 0.18162702311360324 0.0016270231136031876 0.17999999999999994 0.0 0.3152993194000959 0.13529931940009599 0.32643238543736874 0.1464323854373688 0.32643238543736874 0.1464323854373688 0.34687795344070227 0.16687795344070233 0.34687795344070227 0.16687795344070233 0.3736152019055672 0.19361520190556725 0.34687795344070227 0.16687795344070233 0.34687795344070227 0.16687795344070233 0.32699039033952537 0.1464323854373688 0.34687795344070227 0.16687795344070233 0.347344423015267 0.16640950238990082 0.34687795344070227 0.16687795344070233 0.32360201865785054 0.1436020186578505 0.347344423015267 0.16640950238990082 0.34687795344070227 0.16687795344070233 0.34687795344070227 0.16687795344070233 0.34687795344070227 0.16687795344070233 0.34687795344070227 0.16687795344070233 0.347344423015267 0.16640950238990082 0.34687795344070227 0.16687795344070233 0.34687795344070227 0.16687795344070233 0.34687795344070227 0.16687795344070233 0.34687795344070227 0.16687795344070233 0.34687795344070227 0.16687795344070233 0.34640950238990087 0.16640950238990082 0.17999999999999994 0.0 0.347344423015267 0.16640950238990082 0.34687795344070227 0.16687795344070233 0.18161827116911466 0.0 0.17999999999999994 0.0 0.32643238543736874 0.1464323854373688 0.22478758264251475 0.04357374873144737 0.17999999999999994 0.0 0.34687795344070227 0.16687795344070233 0.3152993194000959 0.13529931940009599 0.34640950238990087 0.16640950238990082 0.34640950238990087 0.16640950238990082 0.2886909284579364 0.10869092845793649 0.18161827116911466 0.0 0.34640950238990087 0.16640950238990082 0.17999999999999994 0.0 0.18161827116911466 0.0 0.34687795344070227 0.16687795344070233 0.34687795344070227 0.16687795344070233 0.22111535348554634 0.039870485747577455 0.31773067464380955 0.13712740884103813 0.18161827116911466 0.0 0.34687795344070227 0.16687795344070233 0.3350548051246862 0.15505480512468628 0.32643238543736874 0.1464323854373688 0.18161827116911466 0.0 0.17999999999999994 0.0016270231136031876 0.3350548051246862 0.15505480512468628 0.2952296312514967 0.3430992386464028 0.9362848956927603 0.3481962812549948 0.9413770447236761 0.3221061125952692 0.3188722857669547 0.31284959963798153 0.3184716226878723 0.3184716226878723 0.8845628194355457 0.4044769008627237 0.4633143827266284 0.2922502254638618 0.48723319698281764 0.4966923152812954 0.47309478659905657 0.5002100787858466 0.3031698129109148 0.27780332472327873 0.27780332472327873 0.4602457210333033 0.3801019589751842 0.36007293787093597 0.36007293787093597 0.4649245998468561 0.31981277100935857 0.31981277100935857 0.4760399218088416 0.2644645492655935 0.9543719214068151 0.4833948015426267 0.2690722463139664 0.3259940720236221 0.9051194156447858 0.9058199953414299 0.8789875079089307 0.8529289528955946 0.4169520346765354 0.19079675561180043 0.49409586616473944 0.3959459030117677 0.3962396664480894 0.34465744383224217 0.9480642022129323
0 0.4424013145106098 0.048023848124153945 0.22802384812415388 0.048023848124153945 0.22802384812415388 0.13631491769086923 0.31631491769086917 0.13529931940009599 0.3152993194000959 0.0 0.17999999999999994 0.01703323222618547 0.1970332322261854 0.01703323222618547 0.1970332322261854 0.048023848124153945 0.22802384812415388 0.048023848124153945 0.22802384812415388 0.08807021074422816 0.2680702107442282 0.048023848124153945 0.22802384812415388 0.048023848124153945 0.22802384812415388 0.017883894929385358 0.1970332322261854 0.048023848124153945 0.22802384812415388 0.04872685742090943 0.2273176813183857 0.048023848124153945 0.22802384812415388 0.01271398402492796 0.1927139840249279 0.04872685742090943 0.2273176813183857 0.048023848124153945 0.22802384812415388 0.048023848124153945 0.22802384812415388 0.048023848124153945 0.22802384812415388 0.048023848124153945 0.22802384812415388 0.04872685742090943 0.2273176813183857 0.048023848124153945 0.22802384812415388 0.048023848124153945 0.22802384812415388 0.048023848124153945 0.22802384812415388 0.048023848124153945 0.22802384812415388 0.048023848124153945 0.22802384812415388 0.04731768131838565 0.2273176813183857 0.13529931940009599 0.3152993194000959 0.04872685742090943 0.2273176813183857 0.048023848124153945 0.22802384812415388 0.134284132021531 0.3152993194000959 0.13529931940009599 0.3152993194000959 0.01703323222618547 0.1970332322261854 0.10303460787803576 0.28403553037957563 0.13529931940009599 0.3152993194000959 0.048023848124153945 0.22802384812415388 0.0 0.17999999999999994 0.04731768131838565 0.2273176813183857 0.04731768131838565 0.2273176813183857 0.037184950391498384 0.21718495039149843 0.134284132021531 0.3152993194000959 0.04731768131838565 0.2273176813183857 0.13529931940009599 0.3152993194000959 0.134284132021531 0.3152993194000959 0.048023848124153945 0.22802384812415388 0.048023848124153945 0.22802384812415388 0.10603886951033847 0.28704128184536204 0.00373002004205214 0.18280506739431512 0.134284132021531 0.3152993194000959 0.048023848124153945 0.22802384812415388 0.030146519876103173 0.21014651987610322 0.01703323222618547 0.1970332322261854 0.134284132021531 0.3152993194000959 0.13529931940009599 0.31631491769086917 0.030146519876103173 0.21014651987610322 0.4424013145106098 0.5188768611974159 0.9314715408599058 0.515769417924498 0.928386627285624 0.5040925349101433 0.4992329612119102 0.4969514448107505 0.2747727734139611 0.2747727734139611 0.901731141001397 0.43267072382042093 0.4604768417218712 0.2960951628649897 0.4705882501501508 0.4766653429547043 0.4698746460934953 0.4857872694376866 0.32190062929153107 0.28926336423758725 0.28926336423758725 0.44366625437690954 0.5626543136953168 0.36893583629056137 0.36893583629056137 0.4500295234008189 0.3267150611370513 0.3267150611370513 0.45286150735429764 0.45023210909128863 0.9640593066683029 0.47208428328679675 0.4547979041195932 0.3024256957793279 0.8859004650997699 0.8777281123996745 0.8405071540952015 0.8498583580075036 0.4623023560842521 0.23921644300229317 0.4849416009301055 0.4411519419442864 0.43256275572814284 0.3301073509612238 0.9579495352591951
0 0.26240131451060966 0.22802384812415388 0.048023848124153945 0.22802384812415388 0.048023848124153945 0.31631491769086917 0.13631491769086923 0.3152993194000959 0.13529931940009599 0.17999999999999994 0.0 0.1970332322261854 0.01703323222618547 0.1970332322261854 0.01703323222618547 0.22802384812415388 0.048023848124153945 0.22802384812415388 0.048023848124153945 0.2680702107442282 0.08807021074422816 0.22802384812415388 0.048023848124153945 0.22802384812415388 0.048023848124153945 0.19788389492938552 0.01703323222618547 0.22802384812415388 0.048023848124153945 0.2287268574209096 0.04731768131838565 0.22802384812415388 0.048023848124153945 0.1927139840249279 0.01271398402492796 0.2287268574209096 0.04731768131838565 0.22802384812415388 0.048023848124153945 0.22802384812415388 0.048023848124153945 0.22802384812415388 0.048023848124153945 0.22802384812415388 0.048023848124153945 0.2287268574209096 0.04731768131838565 0.22802384812415388 0.048023848124153945 0.22802384812415388 0.048023848124153945 0.22802384812415388 0.048023848124153945 0.22802384812415388 0.048023848124153945 0.22802384812415388 0.048023848124153945 0.2273176813183857 0.04731768131838565 0.3152993194000959 0.13529931940009599 0.2287268574209096 0.04731768131838565 0.22802384812415388 0.048023848124153945 0.31428413202153094 0.13529931940009599 0.3152993194000959 0.13529931940009599 0.1970332322261854 0.01703323222618547 0.2830346078780357 0.10403553037957558 0.3152993194000959 0.13529931940009599 0.22802384812415388 0.048023848124153945 0.17999999999999994 0.0 0.2273176813183857 0.04731768131838565 0.2273176813183857 0.04731768131838565 0.21718495039149843 0.037184950391498384 0.31428413202153094 0.13529931940009599 0.2273176813183857 0.04731768131838565 0.3152993194000959 0.13529931940009599 0.31428413202153094 0.13529931940009599 0.22802384812415388 0.048023848124153945 0.22802384812415388 0.048023848124153945 0.2860388695103385 0.10704128184536199 0.18373002004205208 0.002805067394315186 0.31428413202153094 0.13529931940009599 0.22802384812415388 0.048023848124153945 0.21014651987610322 0.030146519876103173 0.1970332322261854 0.01703323222618547 0.31428413202153094 0.13529931940009599 0.3152993194000959 0.13631491769086923 0.21014651987610322 0.030146519876103173 0.26240131451060966 0.338876861197416 0.9314715408599058 0.3357694179244982 0.928386627285624 0.32409253491014334 0.31923296121191014 0.31695144481075044 0.2747727734139611 0.2747727734139611 0.901731141001397 0.43267072382042093 0.4604768417218712 0.2960951628649897 0.4705882501501508 0.4766653429547043 0.4698746460934953 0.4857872694376866 0.32190062929153107 0.28926336423758725 0.28926336423758725 0.44366625437690954 0.3826543136953168 0.36893583629056137 0.36893583629056137 0.4500295234008189 0.3267150611370513 0.3267150611370513 0.45286150735429764 0.2702321090912887 0.9640593066683029 0.47208428328679675 0.27479790411959326 0.3024256957793279 0.8859004650997699 0.8777281123996745 0.8405071540952015 0.8498583580075036 0.4623023560842521 0.23921644300229317 0.4849416009301055 0.4411519419442864 0.43256275572814284 0.3301073509612238 0.9579495352591951
0 0.43819303943779375 0.032375770307639606 0.21237577030763966 0.032375770307639606 0.21237577030763966 0.14740329514517803 0.32740329514517796 0.1464323854373688 0.32643238543736874 0.01703323222618547 0.1970332322261854 0.0 0.17999999999999994 0.0 0.17999999999999994 0.032375770307639606 0.21237577030763966 0.032375770307639606 0.21237577030763966 0.07415525972974668 0.25415525972974673 0.032375770307639606 0.21237577030763966 0.032375770307639606 0.21237577030763966 0.0008892440521128808 0.17999999999999994 0.032375770307639606 0.21237577030763966 0.03310972997410344 0.21163849384916866 0.032375770307639606 0.21237577030763966 0.00446411552507231 0.18446411552507225 0.03310972997410344 0.21163849384916866 0.032375770307639606 0.21237577030763966 0.032375770307639606 0.21237577030763966 0.032375770307639606 0.21237577030763966 0.032375770307639606 0.21237577030763966 0.03310972997410344 0.21163849384916866 0.032375770307639606 0.21237577030763966 0.032375770307639606 0.21237577030763966 0.032375770307639606 0.21237577030763966 0.032375770307639606 0.21237577030763966 0.032375770307639606 0.21237577030763966 0.031638493849168725 0.21163849384916866 0.1464323854373688 0.32643238543736874 0.03310972997410344 0.21163849384916866 0.032375770307639606 0.21237577030763966 0.14546185457048655 0.32643238543736874 0.1464323854373688 0.32643238543736874 0.0 0.17999999999999994 0.11558115857600337 0.2965383822555605 0.1464323854373688 0.32643238543736874 0.032375770307639606 0.21237577030763966 0.01703323222618547 0.1970332322261854 0.031638493849168725 0.21163849384916866 0.031638493849168725 0.21163849384916866 0.052597532769539046 0.2325975327695391 0.14546185457048655 0.32643238543736874 0.031638493849168725 0.21163849384916866 0.1464323854373688 0.32643238543736874 0.14546185457048655 0.32643238543736874 0.032375770307639606 0.21237577030763966 0.032375770307639606 0.21237577030763966 0.11845423486076112 0.2994128592994725 0.013431530804979719 0.19433116368195003 0.14546185457048655 0.32643238543736874 0.032375770307639606 0.21237577030763966 0.01370446105335077 0.1937044610533507 0.0 0.17999999999999994 0.14546185457048655 0.32643238543736874 0.1464323854373688 0.32740329514517796 0.01370446105335077 0.1937044610533507 0.43819303943779375 0.5182586230997837 0.9308113804658978 0.5140374800017209 0.9266163481077956 0.5037518281338805 0.49847992668789787 0.49661158509411685 0.2690393972401248 0.2690393972401248 0.9044378157060379 0.4344678898353713 0.45997647531780284 0.29520342179329695 0.46829001080362076 0.47405873361801654 0.4683160204317379 0.4834564384495267 0.32259377923516885 0.2894559896868053 0.2894559896868053 0.44193288393960994 0.5631188455084184 0.36872468531564606 0.36872468531564606 0.44808933580561106 0.32617017953494076 0.32617017953494076 0.4499641903199043 0.4493467182569735 0.9652149940758878 0.4700647123545716 0.4538677781944447 0.29923541212148386 0.8835397846239522 0.8740971302154676 0.8358729719078268 0.8505894630469886 0.46677629754381633 0.24121285135062875 0.4829808524717826 0.44652049006261296 0.43726605336898894 0.32824635326567253 0.9592228628899744
